Output 0 ==================================== 

-48	
-193	
-230	
26	
-104	
-212	
-30	
-249	
-137	
44	
296	
-175	
96	
78	
-119	
115	
-230	
-30	
-67	
-193	
-104	
-193	
59	
-30	
656	
641	
422	
-104	
-212	
26	
-338	
-230	
-137	
26	
-538	
-230	
59	
-212	
7	
78	
-86	
7	
-375	
152	
-48	
115	
-104	
26	
-30	
26	
170	
-156	
26	
96	
78	
-282	
-264	
-104	
59	
-282	
133	
-30	
44	
115	
-67	
-119	
-48	
44	
-48	
241	
78	
259	
441	
222	
241	
-104	
189	
-175	
-119	
-249	
-156	
-301	
-48	
875	
838	
856	
385	
-30	
-193	
115	
-67	
-104	
-11	
-356	
7	
-86	
-282	
26	
278	
-104	
115	
-175	
115	
133	
385	
204	
-175	
170	
189	
-48	
-193	
133	
241	
26	
96	
-67	
222	
-30	
-212	
222	
26	
59	
-86	
170	
-137	
204	
152	
222	
133	
296	
-30	
115	
385	
133	
333	
170	
-86	
-137	
-86	
78	
-30	
7	
875	
838	
749	
259	
26	
-119	
333	
-86	
96	
7	
-230	
-119	
-301	
170	
59	
-356	
133	
-175	
-119	
96	
59	
-48	
170	
78	
115	
296	
-119	
152	
-104	
-30	
-11	
-11	
96	
296	
-119	
78	
115	
-137	
-30	
-86	
78	
241	
78	
7	
241	
96	
241	
-48	
497	
459	
115	
259	
-119	
44	
-137	
-119	
-175	
-11	
-175	
170	
1108	
749	
204	
-249	
-156	
-301	
133	
-119	
-193	
44	
222	
-119	
-48	
-104	
-264	
26	
-556	
115	
133	
-86	
115	
78	
-48	
-86	
-156	
170	
-67	
115	
-264	
78	
-282	
-175	
-119	
-264	
-230	
-282	
-193	
26	
-156	
-193	
-30	
7	
7	
-193	
-67	
133	
-30	
-249	
-175	
-86	
-119	
-264	
-137	
7	
44	
189	
-319	
-356	
222	
675	
478	
-137	
-282	
-175	
-338	
-427	
-137	
-230	
-338	
-501	
170	
-212	
-319	
-86	
7	
-137	
-137	
-212	
-212	
367	
-212	
44	
-212	
-11	
-175	
-156	
348	
-427	
-375	
-230	
-282	
-393	
96	
-86	
26	
-48	
26	
-175	
59	
348	
-48	
152	
170	
367	
26	
44	
133	
241	
315	
44	
78	
-338	
-48	
96	
44	
-11	
-11	
259	
1001	
893	
586	
96	
-156	
44	
59	
-30	
96	
-571	
-86	
-30	
96	
-356	
-11	
78	
-104	
189	
241	
-104	
-67	
278	
44	
170	
-48	
367	
133	
-156	
-86	
278	
-137	
-119	
-86	
96	
-338	
44	
-86	
-119	
-104	
204	
170	
-212	
-30	
189	
78	
-249	
259	
-11	
170	
-119	
-11	
115	
-356	
-48	
-156	
7	
-282	
-175	
7	
459	
1056	
586	
170	
-301	
-464	
-356	
-264	
-264	
-301	
-393	
7	
-137	
133	
-86	
-193	
-48	
222	
-445	
59	
133	
-30	
-11	
96	
44	
-175	
-11	
-67	
-86	
204	
-48	
-104	
-249	
-67	
-175	
-86	
115	
-137	
-230	
26	
-48	
59	
-86	
7	
78	
278	
133	
78	
441	
170	
259	
-230	
-156	
-48	
-193	
59	
133	
-264	
-427	
348	
1075	
1201	
385	
-356	
-408	
189	
170	
-156	
115	
-86	
-264	
26	
-156	
96	
96	
-11	
222	
-86	
44	
-67	
-86	
-30	
44	
-137	
204	
-212	
296	
59	
133	
-282	
-104	
44	
59	
-230	
-193	
-193	
-67	
-230	
96	
-193	
133	
-30	
-104	
-249	
-30	
-282	
152	
296	
204	
133	
-67	
-301	
-249	
-156	
-356	
59	
-356	
-538	
115	
170	
511	
296	
-156	
-519	
-356	
-230	
-427	
-175	
-375	
-156	
-464	
-156	
-627	




Output 12 ==================================== 

42	




Output 0 ==================================== 

160	
127	
25	
206	
-45	
-10	
-33	
81	
-145	
-235	
-145	
-145	
-124	
104	
-168	
-10	
-54	
-124	
-156	
57	
-226	
-66	
160	
229	
-77	
-66	
-54	
-305	
-191	
-203	
-33	
545	
1182	
48	
-328	
-156	
-372	
-258	
81	
-101	
-235	
-33	
-112	
-191	
-156	
92	
48	
-66	
-66	
139	
-22	
239	
364	
115	
127	
148	
229	
36	
-22	
-89	
-145	
-77	
-22	
-214	
-235	
-101	
-66	
-33	
-168	
36	
-22	
13	
69	
13	
2	
104	
-10	
-101	
-203	
-203	
-156	
-10	
376	
1293	
659	
-135	
-191	
-156	
-247	
-191	
-191	
-66	
-145	
-45	
-214	
48	
-77	
-45	
-22	
25	
104	
229	
218	
148	
127	
148	
-10	
25	
57	
-124	
-89	
-66	
-258	
-89	
-135	
-112	
-168	
-89	
-45	
-54	
-77	
-22	
36	
-33	
-45	
36	
69	
-22	
-89	
-101	
-112	
-226	
-101	
-45	
1249	
1226	
-45	
-156	
-101	
-214	
-226	
-89	
-145	
-191	
-168	
-54	
-180	
-10	
13	
-77	
-135	
36	
115	
171	
239	
250	
127	
2	
92	
-10	
48	
-124	
-77	
-112	
-168	
-214	
-235	
-135	
-258	
2	
-89	
-45	
36	
-89	
-10	
69	
148	
2	
-10	
-124	
-124	
-235	
-214	
-33	
69	
1089	
1182	
-191	
-305	
-317	
-89	
-226	
-214	
-135	
-226	
-156	
-168	
-77	
-226	
69	
-112	
36	
104	
139	
171	
218	
250	
148	
171	
-33	
-66	
69	
-191	
-145	
-112	
-45	
-112	
-89	
-77	
-101	
-145	
13	
-10	
57	
115	
36	
57	
81	
115	
139	
-77	
-10	
-33	
-77	
-45	
69	
726	
1372	
194	
-203	
-124	
-89	
-145	
-124	
-168	
-214	
-135	
-89	
-77	
-112	
2	
-10	
92	
-66	
206	
183	
262	
218	
285	
127	
57	
57	
115	
2	
-66	
-22	
-89	
-135	
-101	
-124	
-89	
-45	
-112	
-66	
-33	
36	
-10	
-77	
-77	
-77	
92	
36	
-156	
-101	
-54	
-317	
-145	
206	
1182	
1281	
-156	
-145	
-168	
-235	
-235	
-89	
-180	
-101	
-180	
-282	
-89	
-101	
-89	
36	
-135	
92	
-10	
194	
250	
104	
139	
25	
-33	
92	
-45	
-247	
-45	
-156	
48	
-156	
-156	
-168	
-10	
-156	
-22	
-54	
-66	
-54	
81	
13	
194	
36	
48	
-101	
-22	
-156	
2	
2	
57	
410	
1430	
489	
-45	
-168	
13	
-156	
-203	
-156	
-145	
-145	
-54	
-66	
-101	
-101	
-45	
-33	
-33	
127	
57	
183	
239	
183	
148	
57	
-10	
-45	
-10	
-145	
-66	
-54	
-156	
-89	
-135	
-54	
-180	
-156	
-77	
-33	
13	
-54	
-22	
13	
57	
13	
-66	
-145	
-214	
-203	
-235	
-22	
410	
1363	
364	
-407	
-247	
-180	
-101	
-226	
-180	
-180	
-180	
-168	
-124	
-112	
-10	
69	
-10	
69	
69	
13	
48	
285	
250	
183	
115	
92	
-10	
-45	
-124	
-145	
-168	
-89	
-124	
-124	
-135	
-10	
13	
-54	
13	
194	
-77	
81	
92	
139	
104	
25	
-10	
-77	
81	
-45	
25	
218	
1089	
1158	
-22	
-305	
-135	
-33	
-89	
2	
-145	
-77	
-66	
-22	
-77	
36	
25	
57	
81	
92	
218	
250	
139	
194	
115	
148	
115	
25	
-10	
-124	
-168	
-77	
-33	
-54	
-214	
-145	
-66	
-101	
-168	
-66	
-45	
-145	
-10	
-112	
115	
-10	
183	
-22	
-77	
-203	
-135	
-156	
-145	
250	
1372	
513	
-66	
-235	
-258	
-247	
-247	
-328	
-247	
-270	
-135	
-214	
-235	
-66	
-66	
-101	
-66	
-45	




Output 12 ==================================== 

28	




Output 0 ==================================== 

-79	
-117	
-8	
213	
85	
-46	
85	
175	
85	
-8	
-46	
67	
11	
-117	
-192	
29	
48	
-8	
-27	
-263	
-8	
-117	
-192	
-154	
-8	
-46	
-8	
-154	
48	
67	
29	
-46	
-244	
-79	
-46	
-117	
-154	
-79	
138	
-79	
-244	
119	
119	
-154	
-98	
-192	
48	
-244	
-27	
-192	
-98	
67	
-61	
29	
-79	
-46	
213	
138	
397	
1218	
652	
-574	
-739	
-777	
-372	
48	
-173	
-207	
119	
-46	
29	
11	
-263	
-61	
11	
-372	
11	
-207	
-46	
119	
11	
67	
-79	
-46	
85	
29	
67	
119	
48	
48	
-61	
104	
-8	
-244	
-8	
-46	
-46	
11	
-192	
-154	
-46	
-301	
-27	
29	
-8	
-27	
-117	
-319	
67	
303	
741	
1128	
175	
-720	
-795	
-574	
67	
-98	
-46	
67	
-46	
-301	
48	
-207	
-98	
-27	
11	
-8	
-27	
-244	
119	
194	
-98	
29	
11	
194	
-173	
67	
48	
-61	
194	
-61	
-173	
-8	
-282	
250	
67	
-117	
48	
-207	
48	
-98	
-226	
85	
11	
-117	
-61	
48	
-79	
11	
-154	
-79	
119	
-61	
-27	
-173	
-27	
-79	
-46	
-226	
67	
-98	
157	
-117	
-353	
250	
11	
-46	
-282	
-61	
104	
85	
981	
1146	
524	
-630	
-1032	
-556	
-46	
-391	
-409	
-8	
-27	
-154	
-8	
-207	
-79	
-46	
-192	
48	
104	
-46	
104	
104	
-117	
-192	
-136	
-79	
-98	
-27	
29	
48	
-79	
-173	
-98	
48	
48	
104	
11	
-79	
-136	
-244	
-8	
-79	
-154	
-79	
-98	
-27	
-244	
-79	
157	
11	
-136	
11	
-79	
194	
798	
854	
487	
-923	
-923	
-338	
138	
-136	
-409	
-192	
-173	
-226	
29	
-136	
-79	
104	
-338	
-8	
-46	
11	
-226	
-8	
104	
157	
48	
138	
-61	
175	
322	
11	
104	
-46	
-207	
138	
-98	
157	
284	
11	
-61	
-301	
232	
48	
-79	
157	
213	
-8	
29	
119	
29	
-117	
-98	
-98	
-8	
138	
29	
-46	
48	
29	
-79	
104	
175	
-8	
67	
-27	
-46	
-154	
543	
1165	
1364	
944	
-720	
-923	
-338	
29	
-136	
-154	
-27	
85	
-226	
104	
119	
-79	
48	
11	
213	
104	
119	
213	
48	
250	
67	
-79	
284	
119	
250	
284	
85	
194	
157	
175	
-61	
138	
104	
-282	
175	
-79	
-117	
213	
-61	
-8	
-8	
29	
430	
175	
104	
29	
-46	
48	
119	
-192	
157	
194	
-117	
194	
67	
-61	
-207	
29	
-46	
-46	
157	
-8	
-79	
-46	
-207	
-192	
138	
-98	
104	
29	
104	
-46	
-154	
48	
-61	
-79	
29	
-192	
48	
48	
-98	
-226	
265	
-27	
-136	
48	
-226	
194	
-8	
524	
1034	
835	
250	
-1268	
-829	
-207	
-117	
-136	
29	
-46	
-8	
29	
67	
85	
29	
-98	
138	
138	
-8	
265	
250	
157	
175	
-8	
67	
157	
85	
284	
250	
157	
-27	
-173	
138	
-46	
157	
-8	
29	
-8	
-8	
-61	
-27	
11	
104	
232	
232	
-46	
29	
232	
48	
48	
67	
250	
104	
29	
11	
-8	
-27	
29	
85	
194	
29	
-61	
-46	
-154	
-46	
-27	
194	
157	
-8	
-8	
-117	
104	
29	
-46	
-8	
138	
48	
-79	
119	
-46	
-173	
138	
-27	
-226	
157	
67	
-61	
213	
67	
67	
-61	
-46	
-117	
29	
138	
-8	
11	
67	
-98	
-117	
250	
175	
-79	
-46	
-8	
138	
-61	
-192	
157	
29	
48	
157	
-46	
-46	
48	
85	




Output 12 ==================================== 

217	




Output 0 ==================================== 

-113	
-97	
-97	
-97	
-97	
-66	
-50	
-66	
-82	
-66	
-82	
-97	
-97	
-97	
-113	
-129	
-160	
-145	
-145	
-145	
-145	
-145	
-121	
-113	
-89	
-58	
-19	
-19	
-66	
-66	
-89	
-121	
-176	
-201	
-201	
-201	
-223	
-223	
-231	
-231	
-201	
-201	
-201	
-184	
606	
1524	
1002	
-414	
-286	
-248	
-176	
-152	
-168	
-145	
-137	
-113	
-97	
-66	
-34	
-11	
-3	
-3	
21	
21	
13	
30	
30	
46	
68	
68	
109	
109	
140	
187	
187	
211	
250	
282	
313	
291	
266	
219	
172	
156	
93	
46	
-19	
-34	
-58	
-42	
-25	
-34	
-34	
-34	
-42	
-42	
-25	
-34	
-66	
-66	
-82	
-97	
-82	
-105	
-129	
-105	
-66	
-74	
-58	
-19	
-19	
-3	
-3	
13	
5	
38	
21	
46	
60	
60	
46	
30	
30	
30	
30	
60	
85	
77	
109	
124	
68	
21	
13	
-25	
-74	
-74	
-89	
-97	
-97	
-97	
-105	
-89	
-89	
-89	
-121	
227	
1326	
1507	
195	
-303	
-201	
-121	
-97	
-137	
-129	
-74	
-89	
-82	
-74	
-74	
-58	
-34	
-25	
-19	
-11	
-3	
-3	
-3	
5	
-11	
-25	
30	
52	
93	
124	
164	
179	
227	
244	
274	
291	
299	
282	
291	
187	
109	
30	
-25	
-89	
-105	
-113	
-129	
-129	
-137	
-121	
-137	
-137	
-97	
-82	
-74	
-66	
-50	
-66	
-50	
-25	
-25	
-34	
-34	
-42	
-58	
-34	
-66	
-66	
-66	
-50	
-50	
-58	
-58	
-42	
-50	
-66	
-50	
-34	
-50	
-66	
-66	
-50	
-34	
-11	
21	
46	
60	
13	
-19	
-58	
-89	
-97	
-137	
-152	
-152	
-145	
-145	
-137	
-137	
-137	
-152	
-168	
-121	
670	
1619	
1112	
-319	
-223	
-121	
-66	
-25	
-42	
-19	
5	
30	
30	
38	
46	
38	
46	
68	
101	
93	
93	
109	
124	
124	
132	
148	
187	
203	
203	
219	
235	
329	
376	
393	
409	
425	
441	
441	
425	
376	
313	
282	
266	
250	
211	
227	
244	
250	
266	
299	
307	
291	
307	
299	
282	
282	
282	
282	
282	
266	
235	
227	
219	
179	
164	
172	
156	
115	
77	
46	
5	
-19	
-58	
-82	
-97	
-113	
-129	
-160	
-160	
-160	
-176	
-152	
-129	
-121	
-97	
-82	
-129	
-160	
-217	
-231	
-272	
-311	
-327	
-343	
-366	
-366	
-374	
-390	
-406	
-382	
-358	
-358	
337	
1302	
1002	
-478	
-525	
-437	
-382	
-343	
-358	
-335	
-343	
-335	
-319	
-327	
-319	
-311	
-303	
-286	
-264	
-256	
-239	
-223	
-223	
-209	
-184	
-184	
-145	
-113	
-82	
-25	
-3	
52	
93	
140	
172	
179	
219	
203	
156	
101	
13	
-50	
-97	
-97	
-137	
-137	
-152	
-145	
-145	
-129	
-137	
-137	
-137	
-145	
-129	
-129	
-129	
-113	
-113	
-121	
-113	
-129	
-160	
-137	
-152	
-145	
-145	
-145	
-145	
-145	
-152	
-137	
-137	
-129	
-113	
-129	
-129	
-137	
-129	
-113	
-97	
-74	
-42	
-19	
-3	
-11	
-25	
-66	
-74	
-121	
-137	
-152	
-152	
-145	
-145	
-137	
-137	
-121	
-121	
-105	
-89	
527	
1571	
1373	
-121	
-248	
-160	
-97	
-58	
-74	
-66	
-58	
-34	
-34	
-42	
-58	
-42	
-19	
-19	
-19	
5	
-3	
13	
13	
21	
30	
52	
93	
93	
124	
164	
179	
244	
250	
291	
313	
307	
329	
321	
274	
195	
109	
52	
-11	
-50	
-74	
-89	
-97	
-97	
-97	
-89	
-89	
-105	
-74	
-66	
-66	
-66	
-66	
-66	
-66	
-58	
-74	




Output 12 ==================================== 

27	




Output 0 ==================================== 

-74	
-74	
-74	
-74	
-154	
-114	
-114	
-154	
-154	
-154	
-114	
-114	
-154	
-154	
-154	
-154	
-114	
-154	
-154	
-74	
-74	
-19	
21	
81	
101	
-74	
-154	
-114	
-154	
-154	
-174	
-174	
-194	
-114	
-310	
1	
704	
1076	
217	
-230	
-154	
-154	
-154	
-134	
-134	
-114	
-74	
-94	
-94	
-39	
-39	
-74	
-19	
1	
21	
41	
61	
81	
137	
157	
217	
277	
353	
373	
469	
489	
529	
469	
353	
217	
121	
41	
-19	
-94	
-114	
-154	
-134	
-154	
-154	
-154	
-114	
-154	
-134	
-134	
-114	
-114	
-114	
-114	
-54	
-94	
-94	
-114	
-54	
-114	
-114	
-134	
-134	
-134	
-134	
-154	
-154	
-174	
-174	
-210	
-210	
-194	
-174	
-194	
-194	
-194	
-194	
-194	
-194	
-194	
-194	
-194	
-194	
-194	
-230	
-230	
-230	
-230	
-194	
-194	
-230	
-230	
-230	
-230	
-194	
-230	
-134	
-74	
-54	
1	
-54	
-230	
-230	
-230	
-230	
-250	
-250	
-290	
-270	
-270	
-310	
101	
880	
880	
-134	
-310	
-194	
-250	
-174	
-250	
-194	
-230	
-194	
-210	
-174	
-194	
-174	
-134	
-174	
-134	
-134	
-94	
-94	
-94	
-19	
41	
101	
137	
237	
293	
313	
353	
333	
293	
177	
81	
-74	
-134	
-250	
-250	
-290	
-290	
-270	
-290	
-310	
-310	
-310	
-290	
-290	
-290	
-270	
-290	
-270	
-250	
-250	
-250	
-290	
-290	
-310	
-310	
-270	
-290	
-330	
-366	
-366	
-350	
-350	
-366	
-330	
-330	
-330	
-366	
-330	
-366	
-350	
-386	
-350	
-386	
-386	
-386	
-350	
-386	
-386	
-386	
-386	
-386	
-386	
-386	
-386	
-386	
-386	
-366	
-350	
-350	
-230	
-210	
-154	
-194	
-310	
-154	
41	
41	
61	
61	
61	
81	
121	
1	
469	
1036	
1132	
197	
41	
157	
121	
137	
137	
157	
157	
157	
217	
177	
197	
197	
217	
217	
257	
217	
277	
293	
333	
373	
433	
449	
549	
589	
684	
664	
744	
684	
664	
529	
489	
353	
237	
177	
177	
101	
137	
121	
177	
121	
121	
121	
137	
137	
137	
157	
177	
197	
157	
177	
177	
177	
157	
197	
157	
197	
137	
177	
137	
101	
157	
81	
137	
101	
101	
61	
101	
61	
61	
81	
61	
81	
41	
1	
41	
41	
41	
41	
41	
41	
81	
81	
137	
177	
217	
237	
137	
41	
1	
-39	
-39	
-19	
-19	
-39	
-54	
-94	
61	
624	
1056	
489	
-154	
-114	
41	
-74	
41	
-19	
41	
21	
61	
21	
41	
61	
41	
61	
121	
101	
157	
137	
197	
217	
277	
293	
353	
433	
529	
549	
529	
608	
589	
509	
373	
257	
197	
121	
61	
41	
1	
-19	
1	
1	
1	
1	
1	
21	
21	
1	
1	
1	
41	
21	
21	
21	
101	
61	
21	
41	
-39	
-19	
-19	
-19	
-39	
-74	
-54	
-54	
-54	
-94	
-74	
-94	
-74	
-54	
-114	
-114	
-114	
-114	
-114	
-114	
-154	
-114	
-114	
-74	
-114	
-114	
-114	
-74	
-114	
-114	
-94	
-74	
21	
41	
101	
121	
81	
-74	
-39	
-114	
-114	
-134	
-134	
-154	
-174	
-230	
-114	
433	
1096	
744	
-194	
-194	
-114	
-134	
-54	
-94	
-74	
-94	
-54	
-54	
-39	
-94	
-39	
-54	
-19	
21	
1	
61	
81	
101	
157	
197	
277	
333	
413	
449	
489	
509	
489	
433	
313	
177	
101	
1	
-94	
-74	
-94	
-94	
-114	
-114	
-74	
-114	
-114	
-94	
-54	
-94	
-39	
-74	
-39	
-54	




Output 12 ==================================== 

63	




Output 0 ==================================== 

31	
31	
31	
-44	
-44	
-119	
-187	
31	
-119	
-44	
-44	
-44	
-44	
-119	
-44	
-44	
-82	
-44	
31	
-44	
106	
31	
-82	
-44	
-119	
-44	
-119	
-44	
-44	
31	
-7	
106	
-7	
-44	
-44	
31	
31	
31	
-44	
-44	
-7	
31	
-44	
-44	
-44	
-44	
-44	
-44	
-44	
31	
-82	
31	
31	
286	
211	
249	
106	
31	
-119	
-7	
-82	
-119	
-7	
-7	
-82	
-149	
-119	
-187	
-187	
106	
504	
1277	
2013	
1202	
249	
-187	
-7	
-149	
-7	
-44	
31	
-7	
-82	
-187	
31	
-82	
-82	
-44	
-82	
-7	
31	
-149	
-82	
-119	
-119	
-149	
-44	
-149	
-44	
-119	
-119	
-44	
-82	
-44	
-149	
-7	
-44	
-119	
-44	
-44	
-187	
-149	
-149	
-7	
-82	
-119	
-149	
-119	
-82	
-149	
-149	
-119	
-82	
-187	
-82	
-149	
-149	
-44	
-82	
31	
-44	
106	
-44	
-82	
68	
31	
-7	
68	
31	
31	
-7	
-44	
31	
68	
-119	
-44	
-44	
-44	
-44	
106	
31	
31	
-44	
31	
-44	
-187	
-82	
-44	
-7	
-119	
-119	
-119	
31	
31	
-149	
31	
-44	
-44	
-44	
31	
-119	
-44	
-82	
-119	
-119	
-44	
-82	
31	
-82	
-119	
-119	
-44	
-44	
-44	
-44	
-119	
-44	
-119	
-7	
106	
-44	
106	
106	
31	
143	
106	
68	
-119	
-82	
-44	
-44	
-82	
-82	
-7	
-187	
-187	
-82	
-187	
-44	
106	
579	
1495	
1570	
361	
-187	
-412	
-44	
-82	
-82	
-7	
-119	
-44	
-7	
-82	
-82	
-119	
-44	
31	
68	
-44	
-82	
-149	
-44	
31	
31	
-7	
-44	
-82	
-44	
-7	
-7	
-82	
-44	
-7	
-82	
-119	
-44	
-7	
-44	
-44	
-7	
-187	
31	
-82	
31	
31	
-187	
-82	
31	
-82	
-82	
31	
-44	
-44	
-44	
-7	
68	
181	
106	
31	
143	
106	
31	
143	
-7	
31	
31	
-7	
-82	
68	
143	
68	
31	
31	
31	
-44	
31	
-44	
181	
31	
-44	
-44	
-82	
-44	
-44	
31	
-44	
31	
-82	
-44	
-44	
-44	
-119	
-44	
-44	
31	
31	
-44	
-119	
-44	
31	
31	
-149	
31	
31	
-44	
-82	
-44	
-44	
-44	
31	
-44	
-119	
31	
31	
-44	
-44	
-44	
31	
31	
31	
211	
211	
106	
143	
-44	
-187	
-82	
-82	
-7	
-7	
-119	
-82	
-82	
-82	
31	
-149	
-262	
31	
692	
1788	
1863	
872	
-119	
-7	
-7	
-44	
-82	
-44	
-82	
-82	
-149	
-119	
-187	
-82	
-149	
-44	
-149	
-187	
-82	
-44	
-119	
-44	
-44	
-82	
-7	
-44	
-82	
-119	
-82	
-44	
-7	
-82	
-82	
-187	
-119	
-119	
-82	
-119	
68	
-119	
-119	
-44	
-82	
-82	
-149	
68	
-82	
-119	
-82	
-44	
-44	
-82	
-224	
-82	
-187	
-44	
-82	
-149	
31	
-149	
-149	
-82	
31	
68	
-44	
106	
-82	
68	
-82	
-7	
-82	
143	
68	
-44	
-7	
31	
-82	
-119	
-82	
31	
31	
31	
31	
31	
-44	
-44	
-44	
31	
31	
-44	
31	
-44	
-44	
-119	
-44	
-119	
-44	
31	
-44	
31	
31	
31	
-119	
31	
31	
-119	
68	
-44	
31	
31	
31	
-119	
-119	
-44	
-44	
-119	
-7	
-44	
31	
211	
286	
249	
211	
-44	
-82	
-7	
-149	
-7	
-7	
31	
-7	
-82	
-149	
31	
-44	
-119	
249	
1127	
1863	
1938	
361	
-187	
-149	
-82	
-187	
-7	
-119	
-149	
-82	
-119	
-44	
-119	
-149	
-82	
-44	
-149	
-187	
-149	
-44	
31	
-119	




Output 12 ==================================== 

28	




Output 0 ==================================== 

-88	
-113	
-160	
-88	
-88	
-137	
-147	
-88	
-88	
-88	
-147	
-113	
-63	
-63	
-100	
58	
-76	
8	
33	
105	
117	
177	
273	
273	
394	
347	
323	
369	
238	
226	
130	
-16	
-51	
-63	
-16	
-88	
-137	
-113	
-113	
-113	
-125	
-137	
-160	
-63	
-160	
-63	
-160	
-137	
-51	
-63	
-88	
-63	
-100	
-113	
-76	
-88	
-51	
-113	
-88	
-113	
-63	
-88	
-125	
-88	
-113	
-137	
-100	
-63	
-125	
-113	
-88	
-113	
-76	
-113	
-88	
-137	
-63	
-113	
-88	
-16	
46	
58	
46	
33	
46	
-63	
-125	
-113	
-125	
-147	
-125	
-209	
-147	
-88	
-197	
33	
1094	
1843	
1156	
-365	
-244	
-63	
-29	
-100	
-100	
-41	
-113	
-88	
-76	
-51	
-100	
-76	
-63	
-63	
-63	
-76	
21	
-4	
58	
80	
80	
154	
189	
285	
273	
323	
431	
431	
382	
298	
285	
201	
130	
8	
-4	
-100	
-88	
-41	
-51	
-41	
-41	
-63	
-41	
-88	
-88	
-63	
-41	
-51	
-63	
-4	
-16	
-16	
21	
46	
-29	
8	
-29	
33	
-100	
-88	
21	
-51	
-63	
-63	
-16	
-76	
-41	
8	
-100	
21	
-100	
-113	
-51	
-113	
-41	
-63	
-63	
-88	
8	
-137	
-100	
-88	
-113	
-88	
-29	
-16	
33	
68	
80	
58	
58	
33	
-113	
-88	
-137	
-147	
-125	
-125	
-88	
-160	
-172	
-147	
394	
1529	
1915	
80	
-293	
-147	
-51	
-51	
-160	
-147	
-100	
-51	
-113	
-137	
-63	
-88	
-125	
-100	
-41	
-51	
-29	
-88	
-16	
8	
58	
117	
164	
189	
261	
444	
360	
369	
360	
298	
310	
201	
130	
58	
-16	
-51	
-29	
-88	
-76	
-100	
-100	
-88	
-51	
-137	
-125	
-63	
-76	
-137	
-125	
-51	
-100	
-29	
-51	
-76	
-76	
-51	
-76	
-137	
-51	
-76	
-63	
-76	
-125	
-137	
8	
-125	
-160	
-100	
-113	
-76	
-88	
-88	
-113	
-137	
-88	
-137	
-100	
-16	
-113	
-88	
-51	
8	
8	
46	
21	
154	
117	
-41	
-76	
-113	
-88	
-125	
-125	
-147	
-125	
-137	
-172	
-76	
394	
1650	
1747	
58	
-365	
-51	
-88	
-51	
-63	
-51	
-63	
-51	
-88	
-63	
-16	
-63	
-100	
-76	
-4	
-4	
-41	
8	
58	
58	
80	
164	
177	
238	
273	
394	
394	
369	
419	
394	
335	
201	
130	
33	
-4	
-51	
-29	
33	
-100	
-76	
-29	
-41	
-41	
-63	
-63	
-63	
-76	
-63	
-51	
-51	
-51	
-51	
-63	
21	
-29	
-4	
-29	
-41	
-16	
-29	
-16	
-29	
-100	
-41	
-29	
-29	
-88	
-51	
-63	
-51	
-51	
-88	
-88	
-63	
-76	
-63	
-41	
-63	
-88	
-113	
-100	
-41	
-88	
-137	
-88	
-88	
-29	
-4	
33	
58	
105	
80	
-4	
-88	
-147	
-197	
-76	
-137	
-172	
-160	
-113	
-184	
-184	
261	
1613	
1952	
261	
-268	
-160	
-172	
-147	
-184	
-76	
-113	
-125	
-88	
-88	
-100	
-137	
-76	
-100	
-125	
-51	
-63	
-16	
-51	
46	
-4	
93	
142	
201	
164	
310	
323	
360	
335	
310	
251	
214	
164	
-4	
-76	
-41	
-76	
-113	
-125	
-100	
-76	
-147	
-125	
-147	
-172	
-100	
-172	
-147	
-41	
-100	
-76	
-100	
-88	
-88	
-100	
-51	
-76	
-76	
-113	
-76	
-100	
-137	
-51	
-137	
-88	
-63	
-147	
-147	
-160	
-51	
-137	
-125	
-113	
-113	
-63	
-137	
-113	
-88	
-137	
-88	
-137	
-160	
-51	
-16	
-16	
46	
58	
105	
46	
-16	
-88	
-137	
-113	
-125	
-125	
-147	
-137	




Output 12 ==================================== 

22	




Output 0 ==================================== 

-1	
11	
-203	
-13	
-37	
-59	
-108	
-37	
-49	
-37	
-84	
48	
11	
-71	
-49	
-49	
58	
11	
-71	
58	
131	
-13	
11	
36	
94	
-132	
-59	
-37	
-120	
-13	
-96	
-154	
-108	
259	
1033	
1531	
651	
-322	
-59	
-227	
-154	
-49	
106	
-144	
-84	
-49	
-13	
-59	
11	
-84	
-49	
-120	
11	
-1	
-25	
11	
-84	
36	
-59	
11	
-13	
94	
-13	
-37	
70	
48	
-25	
-132	
-59	
-144	
-25	
-120	
-37	
-166	
-132	
-84	
-203	
-144	
-144	
-144	
-71	
-154	
-120	
-13	
-166	
-191	
-37	
-59	
-108	
-59	
-49	
23	
-120	
-84	
-71	
-108	
-59	
-71	
-96	
-59	
36	
-154	
-71	
-84	
143	
-25	
36	
11	
23	
48	
36	
-71	
-191	
-25	
-59	
-59	
-59	
-84	
23	
36	
165	
972	
1471	
605	
-322	
-310	
-120	
-37	
-37	
-13	
-71	
-13	
-59	
-49	
-1	
152	
-96	
-1	
11	
-37	
58	
-25	
36	
94	
36	
82	
36	
118	
48	
225	
-13	
58	
82	
82	
23	
94	
-71	
23	
-13	
36	
131	
-49	
23	
-1	
-37	
-37	
-37	
58	
48	
11	
-49	
94	
58	
-25	
36	
94	
94	
-37	
36	
94	
-49	
58	
36	
36	
-59	
-71	
48	
-37	
-37	
11	
23	
11	
48	
11	
36	
58	
70	
48	
70	
36	
-59	
-96	
-25	
-13	
-120	
-178	
-71	
-120	
23	
593	
1626	
1351	
-84	
-249	
-108	
-59	
-49	
-59	
-96	
-59	
11	
-13	
-37	
-178	
-59	
11	
118	
-166	
-49	
23	
70	
11	
-25	
-13	
-71	
118	
131	
-84	
-37	
82	
131	
-49	
-71	
48	
-166	
-108	
-144	
-239	
-59	
-120	
-120	
-96	
-191	
-84	
-191	
-203	
-144	
-1	
-120	
-154	
-154	
-59	
-96	
-120	
-166	
-215	
-71	
-96	
-37	
-84	
-178	
-144	
-1	
-96	
-203	
-49	
11	
-144	
-166	
-59	
-120	
-132	
-37	
-132	
-13	
82	
-96	
-84	
-84	
70	
-203	
-84	
-108	
-154	
-215	
-25	
-144	
-96	
-37	
238	
1235	
1945	
213	
-322	
-191	
-154	
-59	
-166	
-71	
-96	
-71	
-166	
-84	
-154	
-25	
-96	
-132	
-166	
-71	
-49	
-154	
-108	
-144	
-37	
-154	
-120	
-84	
-71	
23	
-178	
-154	
-108	
-144	
-191	
-120	
-191	
-191	
-191	
-261	
-273	
-120	
-132	
-310	
-178	
-178	
-191	
-59	
-191	
-191	
-178	
-132	
-96	
-108	
-37	
-84	
-37	
23	
-191	
-1	
-96	
-25	
-71	
-71	
-59	
-132	
-49	
-84	
-25	
-120	
118	
-166	
11	
11	
70	
143	
70	
94	
177	
143	
36	
131	
165	
131	
189	
94	
143	
131	
201	
366	
1008	
1816	
1186	
70	
-166	
-1	
213	
23	
118	
118	
201	
259	
23	
152	
143	
238	
94	
131	
48	
118	
23	
165	
213	
296	
58	
118	
213	
143	
118	
152	
177	
225	
82	
36	
94	
106	
11	
36	
82	
48	
-25	
48	
70	
-59	
-84	
23	
-59	
-1	
-49	
70	
-37	
94	
70	
-13	
-25	
-144	
94	
-37	
23	
36	
-108	
-84	
-71	
11	
-108	
-71	
-84	
-71	
-154	
-120	
-96	
-120	
-25	
-71	
-84	
-71	
-144	
-273	
-96	
-191	
-120	
-298	
-132	
-249	
-144	
-273	
-49	
449	
1376	
1244	
-239	
-368	
-191	
-249	
-96	
-144	
-239	
-1	
-203	
-144	
-49	
-96	
-261	
-108	
-96	
-59	
-108	
-108	
-166	
-1	
-120	
-59	
-59	
-84	
36	
-37	
36	
-37	
23	
-25	
-49	
-25	
-71	




Output 12 ==================================== 

110	




Output 0 ==================================== 

-1	
32	
76	
68	
110	
163	
154	
205	
223	
282	
274	
411	
480	
462	
489	
575	
531	
531	
455	
385	
282	
145	
68	
8	
-70	
-45	
-138	
-121	
-70	
-156	
-114	
-130	
-130	
-156	
-130	
-105	
-130	
-130	
-105	
-121	
-79	
-114	
-174	
-165	
-138	
-182	
-207	
-147	
-156	
-165	
-198	
-156	
-156	
-138	
-182	
-156	
-138	
-182	
-165	
-190	
-182	
-165	
-156	
-182	
-198	
-156	
-182	
-207	
-174	
-156	
-121	
-156	
-182	
-182	
-174	
-138	
-165	
-165	
-96	
-174	
-147	
-130	
-198	
-138	
-147	
-130	
-130	
-198	
-121	
-198	
-121	
-147	
-138	
-138	
-79	
-19	
-36	
-79	
-1	
-45	
-87	
-96	
-114	
-165	
-105	
-138	
-114	
-165	
-45	
531	
1091	
1193	
-61	
-320	
-105	
-52	
-70	
-52	
-36	
-10	
8	
8	
25	
32	
76	
94	
85	
119	
110	
170	
231	
205	
256	
325	
342	
402	
455	
497	
531	
600	
531	
600	
462	
369	
316	
145	
101	
-1	
-114	
-87	
-114	
-174	
-138	
-182	
-130	
-138	
-121	
-130	
-174	
-130	
-174	
-156	
-165	
-105	
-165	
-147	
-174	
-182	
-138	
-182	
-190	
-165	
-207	
-182	
-251	
-225	
-251	
-225	
-156	
-190	
-198	
-138	
-190	
-198	
-198	
-182	
-234	
-174	
-198	
-190	
-174	
-182	
-190	
-207	
-174	
-138	
-87	
-79	
-61	
-36	
-87	
-114	
-147	
-174	
-156	
-216	
-156	
-165	
-174	
-96	
524	
1202	
1244	
8	
-413	
-147	
-61	
-96	
-10	
-61	
-45	
-1	
17	
32	
25	
85	
41	
101	
127	
154	
179	
231	
265	
309	
411	
437	
515	
566	
575	
600	
644	
677	
584	
557	
420	
291	
187	
41	
-52	
-1	
-79	
-70	
-27	
-79	
-114	
-79	
-70	
-79	
-147	
-36	
-52	
-45	
-70	
-70	
-36	
-130	
-105	
-87	
-87	
-130	
-174	
-105	
-147	
-130	
-138	
-138	
-147	
-138	
-121	
-79	
-147	
-138	
-156	
-182	
-96	
-114	
-130	
-182	
-207	
-114	
-165	
-165	
-114	
-156	
-130	
-165	
-165	
-174	
-114	
-121	
-130	
-165	
-121	
-174	
-105	
-165	
-130	
-174	
-156	
-96	
-156	
-87	
-130	
-45	
-27	
-19	
-45	
-87	
-114	
-147	
-174	
-147	
-174	
-156	
-182	
-165	
41	
635	
1100	
918	
-413	
-380	
-130	
-70	
-61	
-36	
-36	
-10	
-1	
8	
17	
32	
41	
32	
85	
127	
94	
145	
179	
231	
247	
274	
385	
429	
462	
524	
515	
531	
540	
557	
515	
342	
300	
187	
85	
8	
-36	
-70	
-79	
-45	
-61	
-52	
-70	
-36	
-27	
-52	
-70	
-36	
-52	
-27	
-79	
-52	
-52	
-52	
-70	
-121	
-45	
-45	
-70	
-121	
-96	
-79	
-96	
-52	
-105	
-79	
-61	
-70	
-70	
-156	
-165	
-121	
-114	
-96	
-105	
-121	
-114	
-105	
-96	
-121	
-130	
-156	
-138	
-147	
-138	
-96	
-114	
-147	
-130	
-130	
-165	
-105	
-130	
-121	
-174	
-114	
-147	
-156	
-114	
-165	
-147	
-147	
-130	
-156	
-190	
-190	
-174	
-182	
-174	
-138	
-174	
-182	
-156	
-105	
-96	
-79	
-61	
-105	
-114	
-130	
-182	
-251	
-216	
-242	
-242	
-225	
-182	
-70	
608	
1091	
1064	
-267	
-431	
-190	
-156	
-121	
-96	
-61	
-87	
-36	
-19	
17	
17	
25	
32	
59	
68	
127	
145	
170	
196	
309	
316	
360	
402	
480	
480	
524	
592	
540	
566	
557	
420	
351	
214	
136	
8	
-52	
-87	
-87	
-87	
-61	
-121	
-79	
-79	
-70	
-105	
-105	
-61	
-114	
-70	
-45	




Output 12 ==================================== 

29	




Output 0 ==================================== 

-443	
140	
-169	
-253	
329	
-116	
-116	
192	
603	
413	
-495	
-187	
-81	
-323	
-99	
-151	
-443	
-151	
-253	
-306	
-204	
55	
-341	
-306	
-253	
-495	
-32	
-134	
-151	
-99	
-116	
-218	
-187	
-67	
-204	
-204	
-32	
-271	
-169	
-323	
-218	
-151	
-116	
87	
-99	
20	
-116	
-134	
-169	
-50	
-236	
-134	
-169	
277	
-187	
3	
3	
-15	
20	
-169	
241	
140	
-151	
-116	
294	
-134	
-169	
-134	
-99	
87	
20	
-134	
687	
961	
361	
-253	
-425	
-151	
105	
-50	
20	
-15	
294	
-204	
-151	
259	
-236	
241	
3	
105	
210	
-50	
-50	
704	
105	
-187	
38	
73	
-81	
20	
105	
-67	
431	
3	
-99	
-187	
-15	
-187	
157	
-288	
38	
-15	
312	
638	
669	
87	
-81	
87	
-187	
-134	
175	
-99	
3	
105	
73	
192	
140	
-99	
-81	
329	
157	
122	
20	
73	
241	
-116	
-67	
38	
122	
20	
-81	
38	
-50	
-169	
224	
192	
-218	
-372	
224	
-15	
3	
20	
-169	
-116	
122	
55	
-32	
277	
-50	
-134	
-116	
105	
-151	
-372	
-443	
-134	
55	
-151	
-288	
38	
122	
-253	
55	
-187	
-253	
-306	
-218	
-306	
-15	
224	
-151	
210	
105	
-116	
-218	
-116	
-271	
-151	
-204	
-116	
-32	
347	
775	
361	
-253	
-271	
-425	
-390	
20	
-50	
-151	
175	
105	
-218	
87	
-460	
347	
-443	
-32	
-50	
105	
20	
3	
73	
-116	
-99	
448	
294	
38	
277	
-67	
-288	
20	
241	
140	
-50	
-67	
38	
55	
38	
-50	
620	
652	
38	
-597	
73	
105	
-169	
122	
175	
73	
105	
105	
20	
-32	
-67	
-50	
105	
105	
38	
3	
55	
-67	
20	
-15	
55	
-253	
73	
-341	
-15	
-15	
3	
3	
-116	
-32	
-81	
-288	
-67	
-169	
55	
-15	
210	
-218	
-15	
-169	
-218	
-32	
-99	
-67	
-218	
20	
-253	
-425	
73	
-32	
-169	
73	
-271	
-390	
-204	
-15	
122	
-236	
-169	
122	
3	
20	
-116	
140	
277	
-169	
-495	
-323	
73	
-218	
-67	
-271	
-134	
-253	
38	
961	
841	
-50	
-425	
-341	
-372	
-218	
-306	
-408	
-151	
-187	
-15	
-218	
-236	
-236	
-306	
87	
-187	
-116	
-218	
-204	
-306	
122	
-271	
-187	
-67	
73	
20	
38	
-116	
-544	
157	
73	
-32	
277	
-81	
-50	
-50	
-288	
-81	
-306	
396	
122	
-134	
-81	
-134	
105	
259	
3	
157	
192	
224	
277	
413	
224	
140	
105	
-67	
140	
-81	
122	
122	
3	
210	
620	
1339	
929	
87	
-67	
105	
38	
277	
38	
210	
192	
-15	
20	
-67	
259	
277	
192	
-134	
568	
20	
294	
38	
361	
87	
55	
259	
431	
122	
-218	
-151	
224	
-134	
73	
73	
105	
-32	
-134	
-169	
-81	
259	
-271	
-460	
-116	
38	
105	
-67	
20	
-236	
241	
224	
-355	
259	
312	
-32	
55	
-67	
-478	
-50	
-187	
-408	
-81	
-306	
-116	
-116	
396	
1013	
448	
-151	
-478	
-134	
-50	
-372	
-390	
-187	
-67	
3	
-323	
-134	
294	
-32	
-187	
224	
-341	
-218	
241	
105	
3	
-99	
157	
3	
73	
-204	
-32	
413	
73	
-134	
-32	
87	
-187	
105	
-218	
312	
38	
-151	
-50	
-236	
533	
396	
87	
210	
-15	
157	
294	
157	
329	
277	
192	
396	
-50	
20	
277	
-99	
192	
55	
3	
157	
87	
929	
1406	
466	
-32	
20	
122	
-15	
378	
140	
-67	
38	




Output 12 ==================================== 

46	




Output 0 ==================================== 

142	
180	
216	
239	
262	
290	
290	
239	
180	
91	
106	
77	
77	
62	
39	
32	
77	
39	
113	
54	
83	
70	
77	
47	
372	
1080	
1264	
224	
180	
180	
121	
62	
17	
39	
39	
62	
91	
39	
62	
91	
136	
165	
201	
231	
239	
247	
195	
142	
77	
47	
3	
47	
32	
17	
39	
11	
17	
3	
17	
32	
24	
32	
17	
180	
792	
1243	
342	
150	
121	
83	
39	
17	
47	
11	
11	
11	
-5	
47	
70	
62	
129	
188	
150	
188	
209	
136	
129	
62	
17	
11	
11	
-27	
-48	
-5	
-12	
11	
47	
17	
11	
-5	
11	
11	
47	
616	
1177	
703	
180	
83	
77	
24	
-20	
-12	
-42	
-48	
-35	
-48	
-20	
17	
32	
62	
113	
142	
165	
195	
98	
106	
11	
-27	
-35	
-63	
-48	
-63	
-48	
-56	
-56	
-42	
-71	
-63	
-63	
-35	
-35	
11	
593	
1139	
718	
142	
39	
32	
-20	
-86	
-71	
-79	
-94	
-79	
-86	
-48	
-56	
11	
39	
77	
113	
121	
172	
142	
77	
11	
-27	
-42	
-79	
-63	
-79	
-94	
-115	
-94	
-63	
-86	
-71	
-94	
-71	
-86	
17	
726	
1228	
372	
77	
17	
24	
-79	
-107	
-130	
-101	
-86	
-94	
-79	
-71	
-42	
-42	
32	
62	
106	
121	
136	
77	
24	
-27	
-56	
-79	
-101	
-107	
-115	
-79	
-101	
-101	
-101	
-115	
-107	
-94	
-79	
-107	
106	
770	
1161	
165	
3	
17	
-27	
-94	
-107	
-115	
-130	
-130	
-115	
-94	
-101	
-63	
-48	
-5	
70	
113	
113	
129	
70	
3	
-27	
-86	
-115	
-101	
-122	
-122	
-122	
-101	
-115	
-107	
-122	
-56	
-101	
-94	
-101	
-27	
631	
1103	
349	
24	
11	
-56	
-94	
-138	
-122	
-107	
-115	
-115	
-115	
-107	
-71	
-48	
17	
11	
54	
77	
62	
39	
17	
-42	
-115	
-101	
-138	
-115	
-130	
-138	
-160	
-153	
-130	
-115	
-101	
-115	
-145	
-130	
-79	
511	
1028	
557	
54	
-35	
-27	
-130	
-122	
-168	
-153	
-160	
-145	
-107	
-138	
-122	
-79	
-27	
11	
39	
47	
47	
39	
-48	
-86	
-107	
-153	
-168	
-168	
-174	
-160	
-138	
-174	
-145	
-168	
-160	
-168	
-138	
-153	
-63	
644	
1118	
321	
-12	
-86	
-56	
-145	
-168	
-168	
-153	
-197	
-197	
-145	
-160	
-122	
-107	
-79	
-48	
-5	
17	
54	
-5	
-79	
-130	
-197	
-181	
-197	
-227	
-189	
-212	
-212	
-227	
-174	
-212	
-197	
-212	
-204	
-204	
83	
815	
1028	
11	
-79	
-86	
-115	
-174	
-212	
-212	
-204	
-219	
-212	
-197	
-168	
-145	
-122	
-63	
-48	
-20	
-5	
17	
-35	
-94	
-115	
-168	
-189	
-219	
-227	
-197	
-219	
-197	
-204	
-189	
-219	
-212	
-181	
-204	
-153	
452	
1028	
644	
11	
-94	
-86	
-153	
-227	
-181	
-233	
-227	
-212	
-204	
-138	
-204	
-160	
-107	
-71	
-35	
-27	
3	
-42	
-56	
-168	
-189	
-212	
-248	
-233	
-240	
-227	
-271	
-212	
-263	
-227	
-233	
-227	
-227	
-212	
-130	
534	
977	
201	
-79	
-130	
-122	
-197	
-248	
-240	
-240	
-219	
-248	
-233	
-204	
-189	
-138	
-130	
-94	
-56	
-63	
-20	
-79	
-130	
-189	
-240	
-233	
-248	
-256	
-286	
-256	
-278	
-278	
-248	
-233	
-263	
-248	
-233	
-256	
-71	
557	
962	
70	
-130	
-145	
-212	
-240	
-286	
-278	
-286	
-256	
-271	
-256	
-240	
-263	
-212	
-174	
-107	
-86	
-94	




Output 12 ==================================== 

197	




