380   267   166   114   26
1   -37   -48   -60   13
-86   -24   -37   -73   -99
-86   -138   -48   -86   -37
-73   -60   -37   -161   -86
-99   -125   -138   -60   -125
-99   -125   -138   -148   -226
-174   -161   -187   -148   -174
-187   -200   -174   -187   -187
-148   -148   -138   -174   -86
-148   -37   -148   -125   -24
-48   -60   -11   26   39
127   140   -11   -138   -138
-86   -86   -138   -161   -174
-60   796   1728   884   -148
-603   -453   -301   -200   -99
-112   -125   -112   -37   -24
-37   39   -24   -24   65
39   114   140   228   166
267   380   517   517   569
582   631   669   592   517
390   241   88   13   26
13   75   -112   13   1
-24   -37   -99   -11   26
1   -60   -86   -11   -60
-11   -73   -24   -112   -24
-86   -125   -60   -148   -99
-99   -99   -125   -125   -48
-60   -174   -112   -112   -161
-138   -99   -125   -161   -73
-86   -148   -138   -86   -148
-148   -138   -86   -73   -24
-86   13   26   -125   -174
-148   -161   -174   -161   -200
-262   -226   504   1235   517
-401   -678   -691   -453   -262
-187   -161   -112   -86   -138
-125   -112   -112   -73   -24
13   -11   13   52   140
127   202   277   390   390
543   543   543   543   455
329   228   176   65   -11
-24   -99   -73   -112   -148
-48   -73   -112   -99   -86
-48   -48   -60   -60   -48
-99   -125   -60   -37   -37
-112   -37   -11   -86   -86
-48   -48   -60   -99   -73
-73   -73   -11   -48   -60
-11   -99   -37   -112   -11
1   -48   -86   -11   -48
-99   -86   -11   -48   -86
-60   -37   -24   -24   -60
39   1   75   52   -73
-86   -125   -99   -148   -138
-125   -226   -138   543   1274
933   13   -463   -463   -288
-161   -138   -200   -86   -112
-161   -112   -11   -86   -73
-37   13   -37   26   13
114   88   215   277   367
367   367   504   455   491
442   390   290   153   52
-24   -24   -37   -37   -48
-86   -86   -112   -73   -112
-112   -125   -37   -73   -112
-24   -99   -11   -99   -99
-60   -138   -112   -86   -138
-138   -37   -86   -99   -99
-112   -138   -112   -125   -112
-73   -73   -99   -73   -48
-24   -60   -112   -48   -99
-86   -112   -48   -37   -99
-24   -86   1   -11   -48
13   26   114   127   88
52   -86   -86   -73   -24
-48   13   -112   -73   569
1374   1212   241   -352   -326
-239   -99   -99   -161   -24
-73   26   -11   -48   13
-37   52   52   13   101
101   176   189   254   316
403   481   491   517   556
556   543   455   329   254
202   39   13   -48   -11
1   -37   -37   -48   -112
-60   -48   -73   -60   -125
-73   -73   -73   -99   -99
-60   -125   -60   -112   -60
-60   -148   -86   -138   -112
-73   -86   -86   -161   -125
-86   -86   -73   -86   -73
-125   -125   -161   -138   -37
-148   -138   -125   -99   -125
-99   -112   -86   -86   -60
-48   1   39   26   -138
-187   -112   -125   -99   -174
-161   -174   277   1085   1300
13   -554   -629   -489   -200
-148   -125   -48   -86   -60
-24   -48   -37   -11   26
1   39   127   88   153
176   241   

